x y u_11 u_12 u_13 u_21 u_22 u_23 u_31 u_32 u_33
196 83 -0.842829 -0.529074 0.098632 -0.089516 -0.042911 -0.995059 0.53071 -0.847477 -0.011201
83 82 0.192613 0.314359 -0.929543 0.979874 -0.112494 0.164987 -0.052703 -0.942612 -0.329704
46 185 0.047464 0.994889 -0.089118 -0.987173 0.033094 -0.156211 -0.152479 0.095388 0.98369
94 66 0.376395 0.911843 -0.163857 -0.231777 -0.078556 -0.969591 -0.897011 0.402928 0.181776
202 79 -0.524864 -0.844719 -0.104712 -0.045222 -0.095174 0.994432 -0.849992 0.526669 0.011752
71 45 0.404527 0.17204 -0.898199 0.846386 0.301582 0.438953 0.346396 -0.937791 -0.023614
95 213 -0.846605 0.050562 -0.529818 0.400847 -0.594337 -0.697208 -0.350152 -0.80262 0.482885
5 115 0.513199 0.836406 -0.192502 -0.092027 -0.169382 -0.981237 -0.853323 0.521296 -0.009948
74 137 0.171969 0.46344 -0.869281 0.978662 -0.181152 0.09702 -0.112506 -0.867412 -0.484697
125 70 -0.660653 -0.311813 -0.68287 0.20666 -0.95005 0.233876 -0.721688 0.013392 0.692088
167 154 0.44505 -0.424775 -0.788349 0.76287 -0.281219 0.582189 -0.469 -0.860514 0.19889
29 140 0.308909 0.740001 -0.597469 -0.942431 0.32279 -0.087451 0.128144 0.59009 0.797096
107 16 0.380672 0.184253 -0.906165 0.861533 0.285335 0.419937 0.335938 -0.940551 -0.050127
156 95 0.744191 -0.508855 0.43273 -0.52116 -0.037089 0.852652 -0.417824 -0.860052 -0.292791
189 145 0.748302 0.544351 -0.379113 -0.60193 0.316981 -0.732933 -0.278816 0.776658 0.564868
17 91 -0.764372 0.460969 -0.450817 0.168577 -0.531988 -0.829801 -0.622352 -0.710277 0.328924
154 111 -0.796046 0.408518 0.446588 -0.142268 0.590903 -0.794089 -0.588299 -0.695664 -0.412255
77 134 0.170788 0.462856 -0.869825 0.978943 -0.17989 0.096487 -0.111813 -0.867988 -0.483833
65 131 -0.869002 0.463651 -0.172806 0.100048 -0.177394 -0.979036 -0.484596 -0.86808 0.107766
100 126 -0.893943 0.007912 -0.448109 0.430761 0.291217 -0.854187 0.123741 -0.956626 -0.263739
143 179 -0.293866 0.837075 -0.461469 -0.082728 -0.503243 -0.860166 -0.952266 -0.2146 0.217135
106 5 -0.055331 0.980166 -0.19033 -0.998017 -0.060027 -0.019033 -0.030077 0.188898 0.981527
130 162 0.948523 0.291262 -0.124383 0.151094 -0.070995 0.985963 0.278346 -0.95401 -0.111333
93 61 0.374984 0.912631 -0.162689 -0.233061 -0.077048 -0.969404 -0.89727 0.401432 0.183807
113 8 -0.052496 0.979976 -0.192108 -0.998113 -0.057629 -0.021206 -0.031855 0.190625 0.981137
96 85 -0.129538 0.938451 0.320198 -0.830728 -0.279027 0.481698 0.541409 -0.203602 0.815737
142 161 0.290563 0.124094 -0.948776 -0.069347 -0.986211 -0.15022 -0.954348 0.109432 -0.277951
48 157 -0.157128 -0.022239 -0.987327 0.834584 -0.537491 -0.120711 -0.527997 -0.842977 0.103017
98 114 -0.826906 -0.021203 -0.561939 0.512917 0.381221 -0.769143 0.230529 -0.924245 -0.304362
216 82 -0.86926 -0.096553 -0.484823 -0.39703 -0.44801 0.801039 -0.294544 0.888811 0.351081
91 76 0.938553 0.129087 0.320089 -0.278147 0.831975 0.48005 -0.204336 -0.539586 0.816758
87 124 -0.468387 0.449651 -0.760543 -0.043457 -0.871484 -0.488468 -0.882471 -0.195767 0.427726
70 21 -0.159072 0.964529 0.210687 -0.981839 -0.132203 -0.136072 -0.103391 -0.228498 0.968034
213 127 -0.080961 0.814998 -0.573782 0.157614 -0.557959 -0.814763 -0.984177 -0.156397 -0.083282
78 210 0.551029 -0.256578 -0.794062 0.833602 0.125399 0.537946 -0.038452 -0.958354 0.282978
70 13 -0.157014 0.964981 0.21014 -0.98201 -0.129947 -0.137009 -0.104902 -0.227878 0.968022
58 62 -0.634245 0.616969 -0.465922 0.434955 -0.213489 -0.874779 -0.63918 -0.757477 -0.13295
171 191 -0.289476 0.910408 0.29557 -0.809263 -0.39769 0.432368 0.511181 -0.114037 0.851871
176 120 -0.224464 0.930376 -0.289845 -0.883767 -0.069002 0.462822 0.410593 0.360057 0.837717
36 64 0.104575 -0.399826 -0.910602 0.987785 0.148138 0.048394 0.115547 -0.90454 0.410435
40 57 0.10384 -0.39978 -0.910704 0.9878 0.14832 0.047522 0.116081 -0.904531 0.410308
162 121 -0.494175 -0.852153 -0.172132 0.465661 -0.092259 -0.880137 0.734135 -0.515095 0.442409
135 178 -0.764421 0.639067 0.085186 -0.623094 -0.766235 0.156973 0.16559 0.066916 0.983919
117 165 0.819393 0.423889 -0.385892 -0.481223 0.142851 -0.864881 -0.311496 0.894381 0.321018
88 185 -0.290745 0.550716 -0.782414 -0.956796 -0.163722 0.240296 0.004225 0.818487 0.574512
77 35 0.259287 -0.243402 -0.934627 0.35179 -0.877443 0.326095 -0.899456 -0.413334 -0.141887
169 141 -0.787306 -0.426244 -0.445494 0.58354 -0.28183 -0.761614 0.199088 -0.859583 0.470616
32 157 -0.676003 -0.194011 -0.710899 0.232638 -0.971571 0.043953 -0.69923 -0.135672 0.701906
95 6 -0.303652 -0.952741 0.008914 -0.011643 0.013065 0.999846 -0.952713 0.303502 -0.015058
186 94 0.759785 0.640732 0.110438 -0.614806 0.763265 -0.198597 -0.211543 0.082985 0.973836
144 161 -0.123743 0.289457 -0.949158 0.986486 -0.067706 -0.149256 -0.10748 -0.954785 -0.277163
48 61 0.471011 -0.616949 0.630494 0.872514 0.220581 -0.435969 0.1299 0.755459 0.642185
67 58 -0.986743 0.039551 -0.157455 0.160785 0.371515 -0.91439 0.022338 -0.927591 -0.372926
31 129 0.312942 0.310927 -0.897431 0.94315 -0.213157 0.255031 -0.111995 -0.926224 -0.359954
161 66 -0.292757 0.812398 -0.504284 -0.952163 -0.199324 0.231657 0.087683 0.547975 0.831882
104 79 0.939684 0.318253 -0.125349 -0.274213 0.481861 -0.832235 -0.204459 0.816411 0.540062
123 210 0.886284 0.053788 0.46001 -0.425874 0.485005 0.763809 -0.182026 -0.872861 0.452742
156 106 -0.450311 -0.793456 -0.409429 0.793621 -0.145569 -0.590752 0.409146 -0.590951 0.695255
104 33 -0.523641 -0.289273 -0.801326 -0.091218 -0.916146 0.390327 -0.847043 0.277484 0.453343
181 38 0.067086 -0.997314 0.0294 -0.218497 0.014066 0.975735 -0.973532 -0.07188 -0.21696
173 29 0.944015 -0.298254 -0.141004 0.328306 0.891338 0.312619 0.032442 -0.341411 0.939354
22 92 -0.765918 -0.447682 -0.461471 0.165598 -0.830895 0.531206 -0.621257 0.330442 0.71053
104 25 -0.147595 0.94349 0.296713 -0.361051 0.227902 -0.904269 -0.920796 -0.240595 0.307007
23 141 -0.21084 -0.062579 -0.97551 0.769016 -0.626701 -0.126002 -0.60347 -0.77674 0.180261
87 84 0.320286 -0.938656 -0.127843 0.485636 0.278554 -0.828587 0.813391 0.203303 0.54504
31 172 -0.677411 -0.708997 0.196064 0.231395 0.047621 0.971688 -0.698267 0.703604 0.1318
128 133 0.987198 -0.124075 0.100251 -0.147214 -0.466506 0.872178 -0.061449 -0.875774 -0.478795
211 94 -0.109276 -0.900458 -0.420994 0.535759 0.303406 -0.787975 0.837273 -0.31166 0.449269
134 65 0.088862 0.987361 -0.131209 -0.833619 0.001635 -0.552347 -0.545159 0.158467 0.823216
35 82 -0.802296 0.231893 -0.550042 -0.351745 -0.928145 0.121756 -0.482285 0.291161 0.82621
136 126 -0.010088 -0.339404 -0.940569 0.520537 0.801367 -0.294747 0.853795 -0.492566 0.168589
72 180 -0.287483 0.551998 -0.782711 -0.957794 -0.164571 0.235717 0.001289 0.817448 0.576
63 138 -0.091248 -0.995616 -0.020309 -0.278868 0.005975 0.960312 -0.955992 0.093286 -0.278184
186 66 0.842799 -0.529385 -0.09719 0.085555 -0.046519 0.995245 -0.53139 -0.847105 0.006088
154 143 -0.35725 0.852089 0.382503 -0.864414 -0.456761 0.21018 0.353812 -0.255559 0.899721
155 135 -0.994465 -0.078097 0.070319 0.104374 -0.655535 0.747911 -0.012319 0.751119 0.660055
185 64 0.842761 -0.529568 -0.096522 0.085129 -0.045944 0.995308 -0.53152 -0.847021 0.006364
70 55 -0.98749 0.036277 -0.153472 0.155851 0.373155 -0.914585 0.024087 -0.927057 -0.374139
195 174 0.1255 -0.086022 -0.988355 -0.501681 -0.864981 0.011579 -0.855903 0.494378 -0.151704
102 9 -0.953065 -0.302632 -0.009155 0.013466 -0.012157 -0.999834 0.302469 -0.953031 0.01566
48 119 -0.898695 0.311114 -0.309123 0.252836 -0.208407 -0.944796 -0.358361 -0.92724 0.108635
166 77 0.634215 -0.034221 -0.772406 0.773174 0.023017 0.63379 -0.003891 -0.999135 0.041077
125 11 0.129189 0.324202 -0.937124 0.982478 0.086186 0.165257 0.134344 -0.942053 -0.307389
79 22 0.243541 0.258282 -0.934863 0.878072 0.350669 0.325621 0.411946 -0.900174 -0.141386
217 142 0.836789 0.278582 -0.471357 -0.294447 0.954762 0.041571 0.461616 0.104003 0.880962
197 168 -0.228737 -0.91729 -0.325972 0.500704 0.17631 -0.847462 0.834858 -0.357061 0.418972
136 58 -0.09274 -0.994272 -0.053075 0.794079 -0.041696 -0.606387 0.600714 -0.098397 0.793386
126 88 -0.367341 0.542542 -0.755451 -0.08195 -0.827962 -0.554766 -0.92647 -0.141876 0.348603
84 176 0.779415 -0.553932 0.292711 -0.242204 0.164483 0.956179 -0.577807 -0.81615 -0.005971
129 186 -0.664338 0.745798 0.049403 -0.137046 -0.056567 -0.988948 -0.734761 -0.663766 0.139788
169 66 -0.201274 0.883197 -0.423599 -0.974703 -0.137643 0.176142 0.097263 0.448331 0.888559
81 149 0.080978 0.988311 0.129168 -0.718083 -0.032029 0.695222 0.691231 -0.149052 0.707092
29 185 0.296974 0.919294 -0.258273 -0.761475 0.391195 0.51684 0.576162 0.043181 0.816193
128 83 -0.366518 0.543643 -0.755059 -0.08262 -0.827345 -0.555584 -0.926738 -0.141246 0.348152
42 112 -0.898886 0.309773 -0.309914 0.253155 -0.210162 -0.944321 -0.357657 -0.927294 0.110491
76 18 -0.158471 0.964716 0.210256 -0.981985 -0.131779 -0.135458 -0.10297 -0.227928 0.968215
139 186 0.902986 0.286527 -0.320191 -0.398585 0.280249 -0.873265 -0.160486 0.916163 0.367267
14 101 0.51144 0.838405 -0.188452 -0.086683 -0.167858 -0.98199 -0.854951 0.51854 -0.013164
86 59 0.36896 -0.915041 0.162942 -0.23557 0.077518 0.968758 -0.899112 -0.395817 -0.186954
157 94 0.433479 -0.507866 -0.74442 0.852558 -0.036517 0.521357 -0.291969 -0.86066 0.417159
207 103 0.901953 0.417882 -0.108877 -0.302005 0.790611 0.53266 0.308672 -0.447555 0.839296
36 84 -0.80163 0.23555 -0.549463 -0.355006 -0.927064 0.120501 -0.481009 0.291653 0.826782
76 12 -0.156733 0.964974 0.210371 -0.98194 -0.129388 -0.138064 -0.106 -0.228215 0.967821
116 157 -0.345899 0.934462 0.084471 -0.781379 -0.33673 0.525416 0.519428 0.115739 0.846638
172 40 -0.262598 0.77193 -0.578933 -0.940719 -0.071315 0.331609 0.214692 0.631694 0.744895
177 84 -0.032715 -0.645657 -0.762921 0.15726 -0.75715 0.634032 -0.987017 -0.099239 0.126306
147 119 0.993736 -0.019805 0.109987 0.093322 0.688539 -0.719167 -0.061488 0.724934 0.686072
204 62 -0.428142 0.096575 -0.898532 -0.16269 -0.986267 -0.02849 -0.888953 0.133983 0.437969
85 14 0.7529 0.306937 -0.582178 0.633083 -0.096018 0.768103 0.179858 -0.946879 -0.266604
74 25 0.243355 0.258603 -0.934824 0.878384 0.350012 0.325478 0.411384 -0.90034 -0.141974
119 115 -0.879996 -0.258801 -0.398284 0.438326 -0.119455 -0.890841 0.182975 -0.958516 0.21856
122 72 -0.661091 -0.312066 -0.682329 0.206016 -0.949946 0.23486 -0.721471 0.014692 0.692289
100 193 0.778859 -0.553877 0.294278 -0.245536 0.162481 0.955672 -0.577145 -0.816589 -0.009444
169 77 -0.386494 0.922163 -0.015569 -0.877959 -0.362682 0.312484 0.282517 0.134441 0.949793
165 199 0.650094 0.663592 -0.370169 -0.425821 -0.085317 -0.900768 -0.62934 0.743216 0.2271
90 143 0.129472 -0.079792 -0.988366 0.697216 0.716079 0.033517 0.705079 -0.693439 0.148346
154 149 0.851145 0.358585 0.383365 -0.458535 0.863408 0.21043 -0.255539 -0.354899 0.899299
41 53 -0.102917 0.399798 -0.910802 -0.987761 -0.148993 0.046212 -0.117237 0.904416 0.410233
79 76 0.314883 -0.190779 -0.929754 -0.108372 -0.980412 0.164473 -0.942928 0.04897 -0.329388
139 108 0.728914 -0.680302 -0.076651 0.1643 0.065143 0.984253 -0.664599 -0.730035 0.159258
20 91 -0.763885 0.463351 -0.449198 0.166238 -0.531268 -0.83073 -0.623589 -0.709255 0.3288
126 61 0.144763 0.127733 -0.981187 0.60738 -0.79429 -0.013784 -0.781111 -0.593961 -0.192561
140 190 0.903673 0.318869 0.285823 -0.397097 0.873831 0.280605 -0.160287 -0.367082 0.916273
35 156 -0.676168 -0.193432 -0.710898 0.232166 -0.971703 0.043592 -0.699225 -0.135573 0.701928
63 147 0.438305 -0.479323 -0.760354 0.874905 0.033651 0.483123 -0.205985 -0.876993 0.434112
69 11 -0.159927 0.964475 0.210273 -0.981767 -0.133224 -0.135607 -0.102776 -0.228119 0.96819
152 73 0.294609 -0.811953 -0.503917 0.951562 0.200697 0.232934 -0.087998 -0.54813 0.83175
107 117 -0.826734 -0.021506 -0.562181 0.513388 0.379876 -0.769498 0.230104 -0.924788 -0.303018
42 137 -0.297278 -0.95324 0.054375 -0.139174 0.099589 0.985238 -0.944602 0.285335 -0.162275
77 20 0.243958 0.257396 -0.934994 0.878463 0.349801 0.325497 0.41086 -0.900771 -0.140778
4 91 -0.183847 0.841688 -0.507722 -0.98289 -0.163371 0.08508 -0.011336 0.514699 0.857284
146 152 0.852841 0.355696 0.382287 -0.454937 0.865504 0.209609 -0.256319 -0.352679 0.899954
168 41 0.74238 -0.378052 0.553122 0.634615 0.661484 -0.399636 -0.214798 0.647705 0.730985
37 57 0.104645 -0.400349 -0.910366 0.987839 0.147718 0.04859 0.115024 -0.904375 0.410941
88 51 -0.154701 0.92443 -0.348571 -0.969291 -0.073747 0.2346 0.191165 0.37416 0.907444
48 182 -0.052295 0.08847 -0.994704 0.98632 0.160504 -0.037583 0.15633 -0.983063 -0.095652
103 53 0.98522 -0.081696 -0.150567 0.115525 0.965868 0.231844 0.126486 -0.245809 0.961029
46 58 0.101039 -0.399298 -0.91123 0.987871 0.148845 0.044313 0.117946 -0.904661 0.409489
113 6 0.194451 0.979603 -0.050595 0.020358 -0.055597 -0.998243 -0.980707 0.193085 -0.030752
95 30 0.161969 0.344537 -0.924692 -0.469697 -0.797193 -0.379304 -0.867843 0.495763 0.032711
84 168 0.749078 -0.616388 -0.242784 0.405713 0.137109 0.903659 -0.52372 -0.775413 0.352781
49 81 0.922842 0.269215 0.27549 0.102404 0.518 -0.849228 -0.371328 0.811905 0.450463
93 9 -0.302137 -0.012411 -0.953183 -0.014001 -0.999748 0.017452 -0.953164 0.018616 0.301889
15 76 0.194847 0.586595 0.786089 0.007226 0.800573 -0.599191 -0.980809 0.122433 0.151756
75 107 -0.920081 -0.321104 -0.224376 0.220684 0.048357 -0.974145 0.323651 -0.945809 0.026369
100 101 0.414985 -0.194478 -0.888802 0.644735 -0.626404 0.438091 -0.641961 -0.754843 -0.13456
177 83 -0.03323 -0.645356 -0.763154 0.157488 -0.75742 0.633653 -0.986964 -0.099134 0.126803
123 104 -0.880204 -0.25811 -0.398272 0.438322 -0.12035 -0.890724 0.181973 -0.95859 0.219068
126 109 -0.880062 -0.258296 -0.398466 0.438528 -0.120167 -0.890647 0.182169 -0.958563 0.219024
102 158 -0.243505 -0.619609 -0.746178 0.904783 0.13207 -0.40491 0.349434 -0.773702 0.528455
176 157 0.378287 -0.544493 -0.748618 0.734746 -0.315313 0.600603 -0.563072 -0.777242 0.280791
117 63 0.151432 -0.985137 -0.081059 -0.233907 -0.115394 0.965385 -0.960398 -0.127232 -0.247901
184 164 -0.597045 -0.387301 -0.702524 -0.099934 -0.833006 0.544161 -0.795962 0.395089 0.458638
135 167 -0.294036 -0.46161 -0.836929 -0.08213 -0.860214 0.503286 -0.952262 0.216714 0.215014
111 33 -0.524699 0.287789 0.801167 -0.089624 0.917221 -0.388169 -0.846561 -0.275472 -0.455466
157 29 0.376889 0.549107 -0.745941 -0.662969 -0.402494 -0.631244 -0.64686 0.732455 0.212347
73 75 -0.193943 0.92928 -0.31435 -0.979578 -0.166093 0.113364 0.053137 0.329911 0.942514
162 61 0.422188 0.883081 -0.20477 -0.180548 -0.139449 -0.973628 -0.888351 0.448018 0.10056
178 149 0.423982 0.443417 -0.789696 0.282464 0.763713 0.580478 0.860498 -0.469177 0.198545
146 176 0.884261 0.172228 -0.434086 -0.458092 0.500645 -0.734512 0.090822 0.84834 0.521592
219 136 0.835847 0.471078 0.281873 -0.296255 -0.045222 0.954034 0.462171 -0.880933 0.101758
73 202 -0.336354 0.491254 -0.803454 -0.443262 -0.835331 -0.325176 -0.830897 0.246766 0.498715
23 46 0.512673 -0.832888 0.208479 -0.297975 0.055132 0.952975 -0.805221 -0.550694 -0.219922
131 185 0.049527 0.662421 -0.747484 -0.988854 0.137762 0.056565 0.140446 0.736355 0.66186
183 86 -0.996749 -0.019444 0.078219 -0.080602 0.244642 -0.966255 -0.000351 -0.969417 -0.245418
84 170 0.749162 -0.616528 -0.242178 0.405389 0.137595 0.903729 -0.52385 -0.775218 0.353013
198 108 -0.107981 -0.90046 -0.421335 0.536804 0.303941 -0.787053 0.836777 -0.311159 0.450533
131 137 -0.872213 0.482268 0.081638 -0.026698 0.119726 -0.992442 -0.488398 -0.867811 -0.09154
39 77 -0.401342 -0.339325 -0.850751 0.818325 -0.550079 -0.166642 -0.411455 -0.763062 0.498435
149 169 0.866602 -0.275291 0.416199 -0.495925 -0.382605 0.779524 -0.05535 -0.881954 -0.468083
22 84 -0.803392 0.231169 -0.548748 -0.350408 -0.928642 0.121805 -0.481436 0.290145 0.827065
101 187 0.779118 -0.5546 0.292231 -0.242146 0.163742 0.956323 -0.57823 -0.815844 -0.006723
38 51 0.909297 -0.402759 0.104728 -0.047734 0.149055 0.987674 -0.413405 -0.903089 0.116308
188 81 0.842692 -0.529697 -0.096406 0.085034 -0.045873 0.995321 -0.531643 -0.846944 0.006386
88 136 0.081929 0.988276 0.128835 -0.718783 -0.030956 0.694544 0.690391 -0.149508 0.70782
169 193 -0.288002 0.910591 0.296457 -0.811036 -0.396533 0.430093 0.509198 -0.116566 0.852716
89 215 0.062737 -0.47825 -0.875977 0.422017 -0.782668 0.457525 -0.904416 -0.398387 0.152733
198 48 -0.986994 0.043805 0.154713 0.087148 -0.662901 0.74361 0.13513 0.747421 0.650462
179 33 -0.411612 0.911214 -0.016228 -0.204307 -0.109612 -0.972751 -0.888164 -0.397081 0.231282
122 24 0.929245 0.349383 -0.120145 -0.303709 0.907527 0.290096 0.210389 -0.233085 0.949424
24 54 -0.127689 -0.104954 -0.986245 0.43218 -0.900902 0.039919 -0.892703 -0.421138 0.160396
167 17 0.648461 -0.706415 0.283682 -0.416199 -0.016955 0.909119 -0.637421 -0.707574 -0.305004
117 134 -0.126239 -0.098104 -0.987136 -0.464793 -0.873263 0.146222 -0.876376 0.47727 0.064642
153 71 -0.295558 0.811029 -0.504852 -0.951148 -0.200443 0.234835 0.089265 0.549599 0.830642
132 16 0.434857 0.110818 -0.893656 0.78129 0.447026 0.435609 0.447769 -0.887624 0.107808
198 144 -0.670681 0.531351 -0.517551 0.495475 -0.19832 -0.845673 -0.551997 -0.823612 -0.130267
180 187 0.715316 0.572644 -0.400512 -0.541995 0.092848 -0.835239 -0.441106 0.814524 0.376782
7 143 0.398525 -0.094681 0.912256 -0.864726 -0.370284 0.339328 0.305666 -0.92408 -0.229437
24 43 0.512089 0.832895 -0.209884 -0.300134 -0.055439 -0.95228 -0.804791 0.550651 0.221595
210 118 0.414585 0.110632 -0.903261 0.792462 -0.531847 0.298563 -0.447377 -0.839578 -0.308166
79 115 -0.920131 -0.320737 -0.224697 0.221103 0.048094 -0.974064 0.323225 -0.945946 0.026662
126 141 0.346085 -0.083486 -0.934475 0.780935 -0.526397 0.336242 -0.519974 -0.846134 -0.116979
42 128 -0.298569 -0.952754 0.055949 -0.140223 0.101779 0.98486 -0.944037 0.286217 -0.163982
108 60 0.150625 -0.985335 -0.080173 -0.234307 -0.114372 0.96541 -0.960424 -0.126632 -0.248097
8 111 0.512182 0.837101 -0.192178 -0.091432 -0.169344 -0.9813 -0.854 0.520186 -0.010191
165 126 -0.494928 -0.851718 -0.172109 0.463004 -0.090887 -0.88168 0.73531 -0.516059 0.43933
191 36 -0.024921 0.997387 -0.067822 -0.976352 -0.00971 0.215972 0.214749 0.0716 0.97404
118 104 -0.880149 -0.258298 -0.39827 0.43834 -0.120215 -0.890734 0.182197 -0.958556 0.21903
54 180 -0.280633 0.896159 -0.343731 -0.895634 -0.115734 0.42947 0.345101 0.428376 0.835101
50 163 0.994612 -0.053745 -0.088649 0.038766 0.985904 -0.162771 0.096147 0.158456 0.982672
183 90 0.759408 0.641222 0.110181 -0.615424 0.762893 -0.198103 -0.211086 0.082626 0.973967
97 166 0.746399 -0.619624 -0.242803 0.407547 0.137143 0.90282 -0.526115 -0.77283 0.354895
120 86 -0.368494 0.541482 -0.755651 -0.081337 -0.828516 -0.554027 -0.926066 -0.142692 0.349344
71 12 -0.157427 0.964908 0.210164 -0.981958 -0.130374 -0.136971 -0.104763 -0.22794 0.968023
7 114 0.512608 0.836866 -0.192065 -0.091588 -0.169124 -0.981325 -0.853726 0.520634 -0.010041
134 60 -0.13148 0.98746 -0.087402 -0.552672 0.000171 0.833398 0.822963 0.157878 0.545715
60 65 0.469646 -0.616382 0.632063 0.87304 0.21779 -0.436314 0.13128 0.75673 0.640411
96 82 0.93911 0.126432 0.319509 -0.275528 0.832685 0.480332 -0.205322 -0.53912 0.81682
117 30 0.930199 0.116942 0.347935 -0.302956 -0.290614 0.907611 0.207255 -0.949667 -0.234898
96 171 0.778988 -0.553883 0.293935 -0.243043 0.165415 0.955806 -0.578025 -0.815996 -0.005765
158 83 0.433041 -0.508055 -0.744546 0.852788 -0.036612 0.520972 -0.291948 -0.860547 0.417411
79 201 -0.804084 0.491122 0.335027 -0.324322 -0.834661 0.445151 0.498267 0.249282 0.830416
50 33 0.436633 0.801794 -0.407997 -0.140595 -0.387134 -0.911241 -0.888601 0.455232 -0.056301
105 26 -0.146967 0.943464 0.297107 -0.361453 0.228379 -0.903987 -0.920741 -0.240246 0.307447
39 133 -0.2986 -0.052234 -0.952941 -0.137502 -0.985733 0.097117 -0.944425 0.160024 0.287155
100 13 0.953155 0.008688 0.302364 -0.012498 0.999865 0.010677 -0.302235 -0.013963 0.95313
49 146 -0.207043 -0.943499 0.258736 -0.322982 0.315555 0.892248 -0.923481 0.101168 -0.370066
86 65 0.164787 0.377504 -0.911219 0.969788 -0.23051 0.079881 -0.179887 -0.896865 -0.404084
167 62 0.422455 0.88277 -0.205576 -0.17977 -0.140704 -0.973587 -0.88838 0.448254 0.099252
64 181 0.342562 -0.897318 0.27834 -0.428859 0.114258 0.896112 -0.835911 -0.42634 -0.345677
87 41 0.398525 0.818894 -0.413029 -0.679622 0.566065 0.466556 0.615869 0.09477 0.782132
92 18 0.162289 0.343638 -0.924969 -0.4692 -0.79777 -0.378702 -0.868054 0.49546 0.031771
56 47 -0.613163 0.761044 -0.211829 0.319055 -0.006746 -0.947707 -0.722684 -0.648656 -0.238653
76 41 0.167564 0.39841 0.901772 0.308499 0.847565 -0.431781 -0.936357 0.350568 0.019097
154 76 -0.295174 0.811029 -0.505076 -0.951305 -0.200315 0.234311 0.08886 0.549647 0.830654
70 185 0.779471 -0.555123 0.290322 -0.236122 0.16891 0.956917 -0.580241 -0.814446 0.000591
127 94 0.542417 0.754639 0.369191 -0.828071 0.554385 0.083412 -0.141729 -0.350962 0.925601
201 98 -0.90186 0.109067 -0.418036 0.301615 -0.533847 -0.789959 -0.309327 -0.838519 0.448554
75 213 0.550829 -0.256713 -0.794161 0.833767 0.12607 0.537536 -0.037872 -0.958225 0.283479
21 127 0.315364 -0.30555 -0.898435 -0.057456 -0.951158 0.303309 -0.947231 -0.04404 -0.317513
40 76 0.141841 0.292977 -0.945531 0.989895 -0.040183 0.136044 0.001856 -0.955276 -0.295712
59 31 0.490472 -0.367932 -0.789977 0.784363 -0.208642 0.584161 -0.379755 -0.906142 0.186258
176 131 -0.816402 0.540051 -0.204549 -0.040774 -0.407221 -0.912415 -0.576047 -0.736556 0.354478
71 8 -0.156943 0.965027 0.209983 -0.982053 -0.129967 -0.136683 -0.104608 -0.227675 0.968101
48 57 -0.605592 -0.212643 -0.766841 0.319574 -0.947497 0.010382 -0.728807 -0.238779 0.641745
168 146 0.424895 0.444097 -0.78882 0.282244 0.762966 0.581568 0.86012 -0.469749 0.198831
56 16 -0.156204 0.965155 0.209939 -0.982157 -0.129238 -0.136628 -0.104735 -0.227535 0.968121
154 80 0.433941 -0.508848 -0.743484 0.852053 -0.036369 0.522192 -0.29276 -0.860088 0.417779
57 62 0.469585 -0.617191 0.631322 0.873097 0.21843 -0.435878 0.131122 0.755886 0.641436
136 155 -0.124256 0.290055 -0.948909 0.986407 -0.06754 -0.149811 -0.10755 -0.954621 -0.277719
127 45 -0.057007 0.094258 0.993912 -0.607578 -0.793234 0.040372 0.792225 -0.601564 0.102486
9 89 0.590104 -0.783847 -0.193323 0.798071 0.60253 -0.006915 0.121904 -0.150195 0.981102
150 92 0.433433 -0.507309 -0.744831 0.852551 -0.037024 0.521331 -0.292055 -0.860968 0.416459
197 99 -0.901886 0.108737 -0.418067 0.301749 -0.533986 -0.789814 -0.309126 -0.838474 0.448777
178 158 0.377564 -0.544841 -0.748729 0.734696 -0.315902 0.600356 -0.563623 -0.776758 0.281023
175 38 0.007368 -0.409229 -0.912392 0.97463 -0.201216 0.098124 -0.223742 -0.889966 0.397366
40 139 -0.298546 -0.051623 -0.952988 -0.137669 -0.985771 0.096531 -0.944419 0.160005 0.287187
117 206 -0.413912 0.893033 -0.176552 -0.885237 -0.44008 -0.150626 -0.212211 0.093942 0.972695
9 136 0.954327 0.158434 0.253311 -0.25318 0.878985 0.404093 -0.158634 -0.449767 0.878939
33 43 0.513043 -0.833064 0.206857 -0.297003 0.05382 0.953357 -0.805344 -0.550551 -0.219814
201 77 -0.843198 -0.528085 0.100787 -0.088968 -0.047844 -0.99488 0.530223 -0.84783 -0.00665
184 74 0.842494 -0.529954 -0.09672 0.085502 -0.045723 0.995288 -0.53188 -0.846791 0.006791
107 90 0.415385 -0.194811 -0.888539 0.64422 -0.626617 0.438555 -0.64222 -0.75458 -0.134785
84 72 0.191639 0.314806 -0.929605 0.980143 -0.110544 0.16462 -0.050942 -0.942701 -0.329738
47 127 -0.89794 0.31051 -0.311924 0.255589 -0.209089 -0.943899 -0.358314 -0.927288 0.108388
172 195 -0.291625 0.911997 -0.288444 -0.425262 -0.393742 -0.814933 -0.856812 -0.114996 0.502663
155 79 0.432851 -0.508557 -0.744316 0.852884 -0.036374 0.520833 -0.291952 -0.860259 0.417997
140 215 -0.020785 -0.018906 -0.999604 0.967486 -0.252469 -0.015349 -0.252075 -0.96742 0.023542
104 210 0.147764 0.946117 -0.288148 -0.497423 -0.180726 -0.848472 -0.854837 0.268697 0.44391
86 210 0.060077 -0.47925 -0.87562 0.422642 -0.782477 0.457267 -0.904306 -0.397551 0.155545
158 123 -0.994398 -0.077823 0.071611 0.105149 -0.65467 0.748557 -0.011381 0.751899 0.659182
118 116 -0.399215 0.879523 0.258966 -0.890208 -0.439435 0.120128 0.219455 -0.182576 0.958387
131 160 0.948293 0.291883 -0.12468 0.15129 -0.070345 0.98598 0.279024 -0.953867 -0.110855
61 34 0.490398 -0.367787 -0.79009 0.784583 -0.208353 0.583968 -0.379396 -0.906267 0.18638
45 174 -0.994894 0.087213 0.050826 -0.036292 0.160782 -0.986321 -0.094191 -0.983129 -0.156794
81 139 0.081077 0.988304 0.129161 -0.718765 -0.031802 0.694525 0.690511 -0.149145 0.707779
75 123 -0.920782 -0.318833 -0.224749 0.220681 0.049335 -0.974095 0.32166 -0.946526 0.024936
97 17 0.925485 -0.159529 0.343562 0.377238 0.470332 -0.797794 -0.034313 0.867951 0.49546
152 215 -0.069508 -0.819136 -0.569369 0.642235 0.4 -0.653863 0.763353 -0.411125 0.498268
36 99 -0.899635 0.308637 -0.308874 0.252527 -0.209323 -0.944676 -0.356215 -0.927861 0.110377
102 56 0.985422 -0.079034 -0.150658 0.112952 0.966147 0.231953 0.127226 -0.245589 0.960989
106 201 0.692587 -0.647076 0.31877 -0.388995 0.037121 0.92049 -0.607465 -0.761521 -0.226001
36 66 0.104635 -0.400242 -0.910413 0.987805 0.14797 0.048478 0.115311 -0.904384 0.410846
163 111 -0.792963 -0.410439 -0.450283 -0.143307 -0.592666 0.792593 -0.592182 0.693025 0.411142
22 135 -0.308317 0.944943 0.109641 -0.899451 -0.327097 0.289824 0.309732 -0.009259 0.950779
213 138 0.83626 0.470736 0.281215 -0.295805 -0.044556 0.954206 0.46171 -0.881149 0.101986
175 91 0.759477 0.641459 0.108298 -0.615976 0.762624 -0.197437 -0.209238 0.083237 0.974313
195 149 0.74822 0.543573 -0.380379 -0.602205 0.315827 -0.733205 -0.278427 0.777682 0.563658
141 130 0.901608 0.176225 -0.395038 -0.431529 0.42968 -0.793197 0.029956 0.885613 0.463446
214 103 -0.416562 0.902551 -0.108966 -0.790814 -0.300593 0.533161 0.44846 0.308263 0.838963
94 206 0.724437 -0.012849 0.68922 0.610959 0.475015 -0.633315 -0.319252 0.879887 0.351969
204 160 0.327747 -0.226008 0.917334 0.846456 0.501521 -0.178861 -0.419637 0.835103 0.355677
166 172 -0.882824 -0.166875 -0.439072 0.46879 -0.254151 -0.845948 0.029567 -0.952662 0.302599
21 51 -0.128295 -0.105085 -0.986152 0.432559 -0.900729 0.039711 -0.892434 -0.421474 0.161018
134 201 -0.30346 0.055431 -0.951226 0.905665 -0.293496 -0.306018 -0.296154 -0.954346 0.038844
161 117 -0.793955 0.408968 0.449869 -0.145231 0.590955 -0.793524 -0.590382 -0.695354 -0.409791
197 84 -0.843147 -0.528635 0.098278 -0.089771 -0.041826 -0.995081 0.530169 -0.847801 -0.012198
102 87 0.939231 0.126883 0.318979 -0.275588 0.832725 0.480229 -0.204687 -0.538952 0.817088
76 120 -0.920734 -0.319325 -0.224236 0.220573 0.048113 -0.974181 0.321873 -0.946423 0.026133
113 40 -0.526216 0.290881 0.799052 -0.091685 0.914797 -0.393381 -0.845406 -0.280243 -0.454692
74 111 -0.920183 -0.320661 -0.224591 0.220904 0.048339 -0.974097 0.323211 -0.945959 0.026354
50 43 0.44324 0.601752 0.664405 -0.225296 0.79218 -0.567179 -0.867634 0.101721 0.486685
171 36 0.376548 0.552622 -0.743508 -0.66226 -0.400644 -0.63317 -0.647801 0.730809 0.215124
107 94 0.415488 -0.195059 -0.888437 0.644299 -0.626339 0.438832 -0.642073 -0.754747 -0.134559
97 40 0.440082 0.894663 -0.076871 -0.843144 0.441142 0.307448 0.308958 -0.070497 0.948446
93 79 0.938989 0.127391 0.319483 -0.276404 0.832299 0.480498 -0.204697 -0.539492 0.816731
28 78 -0.802685 0.234035 -0.548569 -0.352174 -0.928304 0.119268 -0.481328 0.288928 0.827551
150 40 0.292371 -0.947829 0.127049 -0.112684 0.097787 0.988805 -0.949648 -0.303406 -0.078207
80 138 0.081901 0.988237 0.129149 -0.719239 -0.031097 0.694065 0.68992 -0.149733 0.708231
210 100 0.901713 0.418272 -0.109367 -0.302057 0.790477 0.532829 0.309326 -0.447424 0.839125
39 128 -0.312786 0.898137 -0.308999 -0.943197 -0.255283 0.212705 0.112163 0.357981 0.926968
57 77 0.259076 0.4511 0.854034 0.189537 0.843321 -0.502891 -0.947084 0.292148 0.132973
39 66 0.104413 -0.399657 -0.910694 0.987788 0.148155 0.048233 0.11565 -0.904615 0.410247
116 24 0.298066 0.942828 0.149126 -0.904364 0.22894 0.360155 0.305425 -0.242205 0.920894
182 43 0.066895 -0.997364 0.028114 -0.214761 0.013125 0.976578 -0.974374 -0.071364 -0.213317
188 70 0.842588 -0.529715 -0.097206 0.086088 -0.045704 0.995238 -0.53164 -0.84694 0.007093
124 178 -0.665735 0.0441 -0.744885 -0.134069 -0.989075 0.061267 -0.734048 0.140659 0.66437
103 164 0.419352 0.385813 -0.82176 0.137957 0.867599 0.477739 0.897283 -0.313711 0.310604
167 149 0.444863 -0.42444 -0.788636 0.762701 -0.282031 0.582017 -0.469452 -0.860415 0.19825
59 137 -0.020334 -0.092666 -0.995488 0.960032 -0.279818 0.006437 -0.279152 -0.955572 0.094652
126 12 0.435416 0.110995 -0.893359 0.781237 0.446503 0.436242 0.447311 -0.887869 0.107699
121 196 0.26411 0.056655 -0.962812 0.748688 0.617312 0.24169 0.608046 -0.78469 0.120618
211 123 0.653538 -0.243794 -0.716557 0.750576 0.08662 0.65508 -0.097638 -0.965953 0.239589
5 111 0.512608 0.836713 -0.192733 -0.091437 -0.170001 -0.981185 -0.853743 0.520599 -0.01063
114 130 0.986632 0.128943 -0.099656 -0.148945 0.465329 -0.872516 -0.066133 0.875695 0.478315
93 30 0.161795 0.343494 -0.925111 -0.469828 -0.797586 -0.378312 -0.867806 0.495851 0.032339
208 92 0.1083 -0.901759 0.41845 -0.53358 0.302439 0.789826 -0.838788 -0.308816 -0.448406
204 93 -0.108479 -0.900486 -0.421144 0.536136 0.303775 -0.787575 0.837136 -0.311227 0.449822
59 65 0.469627 -0.616378 0.632082 0.873051 0.217774 -0.436298 0.131274 0.756739 0.640402
169 114 0.167915 0.461982 -0.870823 0.935498 -0.353309 -0.007042 -0.310941 -0.813473 -0.491515
155 76 -0.29488 0.811392 -0.504662 -0.951374 -0.200063 0.234246 0.089102 0.5492 0.830925
193 127 0.807661 0.310341 -0.501369 -0.084425 0.902393 0.422565 0.583572 -0.298963 0.755025
160 181 0.902219 0.387345 0.189676 -0.43051 0.782398 0.450007 0.025889 -0.487692 0.87263
46 34 0.665779 0.600312 -0.44313 -0.565519 0.793403 0.225166 0.486752 0.100687 0.867717
204 174 0.988715 0.088953 -0.120597 -0.015471 0.861025 0.508325 0.149056 -0.500717 0.852674
63 45 -0.898084 0.172483 -0.404589 0.439196 0.302532 -0.845923 -0.023506 -0.937404 -0.347444
135 34 0.344669 0.122163 -0.930736 0.910031 -0.286757 0.299356 -0.230333 -0.950186 -0.210011
80 215 0.876838 0.480719 0.008364 -0.431834 0.795061 -0.425909 -0.211398 0.369839 0.904723
91 27 0.161829 0.343365 -0.925152 -0.469765 -0.797667 -0.378218 -0.867835 0.495813 0.03222
133 4 -0.034895 -0.034331 -0.998801 0.998242 -0.04949 -0.033174 -0.048295 -0.998167 0.035992
93 83 0.321022 -0.938267 -0.128847 0.48383 0.279427 -0.829357 0.814166 0.203901 0.543648
188 45 -0.024362 0.997382 -0.068081 -0.976906 -0.009291 0.21347 0.212279 0.07171 0.974574
26 117 -0.312245 0.898185 -0.309449 -0.943252 -0.254342 0.213529 0.113084 0.35856 0.926632
53 196 0.343628 -0.895923 0.281507 -0.432213 0.115247 0.894373 -0.833736 -0.429001 -0.347628
21 94 -0.765537 -0.449681 -0.460151 0.166842 -0.829481 0.533029 -0.621388 0.33128 0.710024
200 120 -0.805357 0.220672 -0.550185 0.411793 -0.459386 -0.787016 -0.426417 -0.860393 0.279091
166 103 -0.792146 -0.412148 -0.450155 -0.143917 -0.590622 0.79401 -0.593125 0.693755 0.408544
93 18 0.162307 0.343721 -0.924935 -0.469121 -0.797776 -0.378784 -0.868093 0.495392 0.031768
37 135 -0.29965 -0.051353 -0.952659 -0.138099 -0.985705 0.096575 -0.944003 0.160494 0.288273
105 121 -0.022332 0.82635 -0.562713 0.381036 -0.513335 -0.768954 -0.924296 -0.231585 -0.303405
31 109 -0.898736 0.307663 -0.312448 0.255592 -0.211424 -0.94338 -0.356303 -0.927709 0.111379
131 217 -0.459891 0.886355 -0.053664 -0.765411 -0.426317 -0.48207 -0.450181 -0.180627 0.874479
54 97 0.172024 0.225658 -0.958898 0.709458 -0.703706 -0.038328 -0.683434 -0.673701 -0.281147
107 61 0.15067 -0.985328 -0.080175 -0.234306 -0.114385 0.965408 -0.960418 -0.126674 -0.248102
87 49 0.349557 0.923649 -0.157097 -0.236299 -0.075343 -0.968754 -0.906631 0.375755 0.19192
41 89 -0.397919 -0.2132 -0.892301 -0.344765 -0.86658 0.360796 -0.850179 0.451209 0.271321
189 97 0.760158 0.640431 0.109604 -0.614432 0.763385 -0.199277 -0.211296 0.084134 0.973794
196 184 -0.575109 0.711896 -0.403048 -0.093529 -0.546664 -0.832112 -0.812724 -0.44085 0.38097
61 128 0.173701 0.464613 -0.868305 0.978605 -0.180265 0.099303 -0.110392 -0.866968 -0.485969
95 98 -0.194374 0.888958 -0.414694 -0.626984 -0.437717 -0.644436 -0.754395 0.134743 0.642442
122 155 -0.346154 0.934404 0.08407 -0.781476 -0.336761 0.525253 0.519112 0.116124 0.846778
196 178 -0.087237 0.987863 -0.128521 -0.864656 -0.011014 0.502243 0.494734 0.154947 0.85512
74 90 0.138258 -0.224743 -0.964556 0.989735 0.06709 0.126226 0.03635 -0.972107 0.231701
39 176 -0.994947 0.087124 0.049951 -0.035278 0.162431 -0.986086 -0.094028 -0.982867 -0.158532
124 205 0.825967 0.489656 0.279324 -0.057277 0.565823 -0.822536 -0.560813 0.663391 0.495374
161 96 -0.089694 -0.314587 -0.944976 0.890108 -0.451007 0.065647 -0.44684 -0.835247 0.320464
75 64 0.375129 -0.912854 0.161194 -0.228378 0.077533 0.970472 -0.898405 -0.400868 -0.179391
136 157 -0.124 0.289898 -0.94899 0.986447 -0.067567 -0.149534 -0.107477 -0.954667 -0.27759
33 86 -0.801147 0.234757 -0.550504 -0.354065 -0.927524 0.119736 -0.482497 0.29084 0.826201
205 110 0.108199 -0.902078 0.417789 -0.53364 0.301884 0.789996 -0.838763 -0.308426 -0.448719
55 53 -0.612489 0.761261 -0.212989 0.319878 -0.007712 -0.947418 -0.722897 -0.648386 -0.238763
63 71 -0.260605 0.884207 -0.387641 -0.229999 -0.446811 -0.864553 -0.937656 -0.136152 0.319797
74 29 0.243549 0.258583 -0.93478 0.878332 0.349981 0.325648 0.411378 -0.900356 -0.141883
56 166 -0.757816 -0.479573 -0.442405 0.487432 0.034633 -0.872475 0.433738 -0.876818 0.207516
123 164 0.28984 -0.948993 -0.124163 -0.065847 -0.149178 0.98661 -0.954816 -0.277769 -0.105692
50 19 0.871001 0.489281 0.04429 -0.012908 -0.067331 0.997634 0.491118 -0.869535 -0.052332
123 86 -0.367165 0.542862 -0.755307 -0.082559 -0.827839 -0.554857 -0.926486 -0.141364 0.34877
194 156 0.377689 -0.545203 -0.748404 0.733771 -0.316747 0.601044 -0.564743 -0.77616 0.28042
155 164 0.865501 0.278394 -0.416429 -0.497942 0.387734 -0.775697 -0.054489 0.878727 0.474207
87 102 0.920197 0.224116 0.320953 -0.22034 0.974214 -0.048545 -0.323557 -0.026047 0.94585
149 67 -0.295886 0.810971 -0.504752 -0.951038 -0.200674 0.235086 0.08936 0.549601 0.830631
112 162 -0.820378 -0.422343 -0.385495 0.479413 -0.140541 -0.866265 0.311688 -0.895472 0.317769
208 65 0.899997 -0.425293 -0.095566 0.028749 -0.160851 0.986559 -0.434953 -0.890646 -0.132534
142 177 -0.293493 -0.460257 -0.837859 -0.083028 -0.860902 0.501967 -0.952354 0.216879 0.214446
77 22 0.24345 0.258288 -0.934884 0.878307 0.35022 0.325465 0.411494 -0.90035 -0.141593
69 183 0.341614 -0.897727 0.278186 -0.427314 0.11527 0.896715 -0.837088 -0.425206 -0.344239
133 2 -0.033869 -0.036066 -0.998775 0.99822 -0.05045 -0.032028 -0.04924 -0.998067 0.037711
72 73 0.193827 0.313993 -0.929428 0.979569 -0.113745 0.165856 -0.05364 -0.942589 -0.32962
60 90 -0.458543 0.848109 -0.265425 -0.839398 -0.511429 -0.184014 -0.291814 0.138417 0.946401
41 57 0.909293 -0.402501 0.105744 -0.048447 0.149989 0.987498 -0.413329 -0.90305 0.116884
24 180 0.308838 -0.562817 -0.766717 0.917613 0.388388 0.084523 0.250213 -0.729655 0.636392
152 112 -0.022415 -0.993836 0.108506 0.690431 -0.093889 -0.717291 0.723077 0.058815 0.688257
132 24 0.929983 0.120016 0.347459 -0.302302 -0.288099 0.908632 0.209155 -0.95005 -0.231645
105 155 -0.344899 0.934832 0.084498 -0.781655 -0.335886 0.525541 0.519674 0.115214 0.846559
149 53 -0.948524 0.290145 -0.126979 0.098119 -0.112003 -0.988851 -0.301134 -0.950403 0.077772
108 163 0.82134 0.421287 -0.384602 -0.477341 0.138428 -0.867745 -0.312328 0.896302 0.314796
169 64 0.422583 0.88255 -0.206248 -0.179683 -0.141471 -0.973494 -0.888335 0.448443 0.098795
61 73 -0.261421 0.883632 -0.3884 -0.229164 -0.447706 -0.864314 -0.937631 -0.136944 0.319527
138 161 0.948577 0.291569 -0.123256 0.149925 -0.070887 0.986148 0.278793 -0.953924 -0.110945
191 58 -0.463528 0.521819 0.716129 0.109805 0.835801 -0.537942 -0.879255 -0.170713 -0.444714
36 138 -0.30051 -0.051425 -0.952385 -0.138961 -0.985534 0.097068 -0.943603 0.16151 0.289016
98 71 0.320887 -0.938546 -0.127142 0.484261 0.277948 -0.829602 0.813968 0.204633 0.54367
93 118 -0.02262 0.826606 -0.562326 0.382125 -0.512613 -0.768894 -0.923839 -0.232272 -0.304273
138 179 -0.764697 0.638916 0.083818 -0.623072 -0.766296 0.156755 0.164383 0.067644 0.984074
133 125 -0.339747 0.009605 -0.940455 0.80163 -0.520061 -0.29489 -0.491918 -0.854081 0.168971
200 176 -0.086857 0.988472 -0.124001 -0.863757 -0.012707 0.503756 0.496376 0.150855 0.854897
53 151 0.9428 -0.209597 0.259232 -0.317367 -0.32633 0.890382 -0.102022 -0.921732 -0.374172
88 164 0.747483 -0.618389 -0.242627 0.406383 0.136758 0.903408 -0.525474 -0.773886 0.353525
165 144 0.444417 -0.424475 -0.788862 0.762491 -0.282994 0.581833 -0.470223 -0.860079 0.197883
142 32 0.863044 0.495662 -0.09737 -0.461758 0.852277 0.245826 0.204844 -0.167204 0.96439
9 133 0.954395 0.15781 0.253431 -0.252679 0.879098 0.404152 -0.159011 -0.449758 0.878881
141 15 -0.134483 -0.530219 -0.837125 0.89245 -0.431958 0.130222 -0.430654 -0.729568 0.531279
6 106 0.512343 0.836934 -0.19248 -0.090607 -0.170205 -0.981224 -0.853991 0.52018 -0.011368
183 63 -0.842697 -0.529588 0.096965 -0.08555 -0.046106 -0.995265 0.531553 -0.846999 -0.006455
145 73 -0.296802 0.812167 -0.502273 -0.950612 -0.201222 0.236354 0.090893 0.54762 0.831776
104 36 -0.523752 0.289216 0.801274 -0.088814 0.91694 -0.389015 -0.847231 -0.274911 -0.454557
37 152 0.188532 -0.675832 -0.71253 0.972937 0.227298 0.041864 0.133662 -0.701144 0.70037
71 181 0.779681 -0.55353 0.292756 -0.241045 0.166185 0.956177 -0.577924 -0.816083 -0.003854
9 155 0.641166 -0.694952 -0.325496 0.497201 0.053095 0.866014 -0.584576 -0.717073 0.379563
37 55 0.104546 -0.400075 -0.910496 0.987815 0.147927 0.048425 0.115314 -0.904464 0.410668
206 138 0.277179 -0.836827 -0.472113 0.955315 0.292589 0.042232 0.1028 -0.462707 0.880522
104 157 -0.345705 0.9346 0.083676 -0.78148 -0.336129 0.525655 0.519409 0.116331 0.846571
56 145 0.259743 -0.208203 -0.942965 0.892336 -0.32153 0.31679 -0.36915 -0.923726 0.102272
26 116 -0.312361 0.898341 -0.30888 -0.943182 -0.254483 0.213668 0.113344 0.35807 0.926789
130 72 -0.473545 0.871629 0.126571 -0.88059 -0.471443 -0.048035 0.017802 -0.134201 0.990791
36 93 0.400999 0.216619 -0.890099 0.347122 0.863251 0.366464 0.847771 -0.455927 0.270968
86 153 0.081483 0.988401 0.128158 -0.717966 -0.030977 0.695395 0.691296 -0.148675 0.707105
194 141 -0.669431 0.532957 -0.517513 0.496302 -0.197508 -0.845375 -0.552776 -0.822769 -0.132303
99 207 0.725123 -0.014653 0.688473 0.61094 0.475021 -0.633325 -0.317778 0.879838 0.353405
204 153 0.498627 0.808108 -0.313575 -0.548049 0.013629 -0.836327 -0.671581 0.588877 0.449688
182 34 0.009451 -0.41246 -0.910927 0.974432 -0.200716 0.100986 -0.224492 -0.888588 0.400014
58 25 -0.48858 0.791197 0.367825 -0.786115 -0.582079 0.207867 0.378567 -0.187593 0.906364
203 68 0.089925 -0.163202 -0.982484 -0.508673 -0.855642 0.095573 -0.856252 0.491167 -0.159957
208 158 0.499072 -0.808404 0.312103 -0.547915 -0.015356 0.836386 -0.671364 -0.58842 -0.450606
140 106 -0.681214 -0.728473 -0.072696 0.063975 -0.158154 0.985335 -0.729286 0.666574 0.15434
22 75 0.937364 -0.210458 -0.277591 0.099038 -0.602996 0.791571 -0.333977 -0.769492 -0.544374
204 71 -0.159726 0.983119 -0.089262 -0.857328 -0.093328 0.506243 0.489375 0.1574 0.857748
44 137 -0.29657 -0.953493 0.05374 -0.139592 0.098939 0.985248 -0.944764 0.284701 -0.162444
209 156 0.49795 0.808057 -0.314781 -0.549611 0.013281 -0.835308 -0.670802 0.58896 0.450739
100 6 -0.953115 -0.302479 -0.008908 0.013273 -0.012381 -0.999833 0.302318 -0.953078 0.015812
